 648837    1  083127  07/09/2017  7162   065           26,500.00                 N
 648838    1  0       07/09/2017                        6,000.00                 N
 648839    1  0       07/09/2017                       15,600.00                 N
 648840    1  0       07/09/2017                       11,000.00                 N
 648841    1  0       07/09/2017                       10,000.00                 N
 648842    1  0       07/09/2017                       27,200.00                 N
 648843    1  608855  07/09/2017  7135   132           21,005.00                 N
 648844    1  0       07/09/2017                       15,000.00                 N
 648845    1  0       07/09/2017                        4,000.00                 N
 648846    1  0       07/09/2017                       35,000.00                 N
 648847    1  0       07/09/2017                       20,000.00                 N
 648848    1  0       07/09/2017                      102,000.00                 N
 648849    1  0       07/09/2017                       16,000.00                 N
 648850    1  0       07/09/2017                       82,000.00                 N
 648851    1  0       07/09/2017                       14,870.00                 N
 648852    1  0       07/09/2017                        2,745.00                 N
 648853    1  0       07/09/2017                          520.00                 N
 648854    1  0       07/09/2017                        5,000.00                 N
 648855    1  194689  07/09/2017  7311   035           39,587.00                 N
 648856    1  991262  07/09/2017  7083   777          550,000.00                 N
 648857    1  0       07/09/2017                       10,000.00                 N
 648858    1  0       07/09/2017                      250,000.00                 N
 648859    1  0       07/09/2017                        8,946.00                 N
 648860    1  557079  28/08/2017  7010   689            3,976.00                 N
 648861    1  442338  28/08/2017  7010   679           11,928.00                 N
 648862    1  442338  28/08/2017  7010   679            5,781.00                 N
 648863    1  727344  29/08/2017  7010   543            5,964.00                 N
 648864    1  303912  25/08/2017  7135   041            4,772.00                 N
 648865    1  303912  25/08/2017  7135   041            3,182.00                 N
 648866    1  335775  25/08/2017  7010   660            3,000.00                 N
 648867    1  335775  25/08/2017  7010   660            4,137.00                 N
 648868    1  0       07/09/2017                       20,000.00                 N
 648869    1  0       07/09/2017                       50,000.00                 N
