 648837    1  SM2                   184.00  908  DNY  005  044  000        
 648837    2  SM2                10,681.75  908  DNY  580  101  000        
 648837    3  SM2                15,606.25  908  DNY  580  131  000        
 648837    4  SM2                    28.00  908  DNY  840  606  000        
 648838    1  SM2                 5,258.00  908  DNY  580  131  000        
 648838    2  SM2                   742.00  908  DNY  580  181  000        
 648839    1  SM2                   190.00  908  DNY  005  044  000        
 648839    2  SM2                11,212.29  908  DNY  580  101  000        
 648839    3  SM2                 4,168.71  908  DNY  580  131  000        
 648839    4  SM2                    29.00  908  DNY  840  606  000        
 648840    1  SM2                    44.00  908  DNY  005  044  000        
 648840    2  SM2                 7,107.28  908  DNY  580  101  000        
 648840    3  SM2                 3,841.72  908  DNY  580  131  000        
 648840    4  SM2                     7.00  908  DNY  840  606  000        
 648841    1  SM2                   354.00  908  DNY  005  044  000        
 648841    2  SM2                 3,402.81  908  DNY  580  101  000        
 648841    3  SM2                 6,189.19  908  DNY  580  131  000        
 648841    4  SM2                    54.00  908  DNY  840  606  000        
 648842    1  SM2                   221.00  908  DNY  005  044  000        
 648842    2  SM2                17,305.44  908  DNY  580  101  000        
 648842    3  SM2                 9,661.56  908  DNY  580  131  000        
 648842    4  SM2                    12.00  908  DNY  840  606  000        
 648843    1  SM7                12,179.19  908  DNY  540  010  000        
 648843    2  SM7                 8,825.81  908  DNY  540  069  000        
 648844    1  SM2                   256.00  908  DNY  005  044  000        
 648844    2  SM2                 6,413.99  908  DNY  580  101  000        
 648844    3  SM2                 8,305.01  908  DNY  580  131  000        
 648844    4  SM2                    25.00  908  DNY  840  606  000        
 648845    1  SM2                 4,000.00  908  DNY  580  131  000        
 648846    1  SM2                 1,116.00  908  DNY  005  044  000        
 648846    2  SM2                   652.17  908  DNY  035  020  000        
 648846    3  SM2                 8,354.13  908  DNY  580  101  000        
 648846    4  SM2                18,708.87  908  DNY  580  131  000        
 648846    5  SM2                 6,000.00  908  DNY  710  113  000        
 648846    6  SM2                   168.83  908  DNY  840  606  000        
 648847    1  SM2                     8.00  000  000  840  606  000        
 648847    2  SM2                    50.00  000  200  005  044  000        
 648847    3  SM2                18,867.00  000  200  580  101  000        
 648847    4  SM2                 1,075.00  000  200  580  131  000        
 648848    1  SM2                59,170.42  000  200  580  101  000        
 648848    2  SM2                42,829.58  000  200  580  131  000        
 648849    1  SM5                 1,257.00  000  Q00  005  013  000        
 648849    2  SM5                14,096.14  000  Q00  540  020  000        
 648849    3  SM5                   646.86  000  Q00  540  060  000        
 648850    1  SM7                   610.00  000  200  005  002  000        
 648850    2  SM7                63,651.52  000  200  540  002  000        
 648850    3  SM7                17,738.48  000  200  540  062  000        
 648851    1  SM2                 8,198.41  000  200  580  101  000        
 648851    2  SM2                 6,671.59  000  200  580  131  000        
 648852    1  SM5                 1,614.57  000  Q00  540  020  000        
 648852    2  SM5                 1,130.43  000  Q00  540  060  000        
 648853    1  SM5                     3.00  000  Q00  005  013  000        
 648853    2  SM5                   515.69  000  Q00  540  020  000        
 648853    3  SM5                     1.31  000  Q00  540  060  000        
 648854    1  SM5                 3,744.00  000  Q00  540  020  000        
 648854    2  SM5                 1,256.00  000  Q00  540  060  000        
 648855    1  SM2                    24.00  000  000  840  606  000        
 648855    2  SM2                 1,004.00  000  200  005  044  000        
 648855    3  SM2                25,336.57  000  200  580  101  000        
 648855    4  SM2                 8,058.43  000  200  580  131  000        
 648855    5  SM2                 5,164.00  000  200  580  181  000        
 648856    1  SM2                 7,568.66  000  000  840  606  000        
 648856    2  SM2                49,938.00  000  200  005  044  000        
 648856    3  SM2               402,212.67  000  200  580  101  000        
 648856    4  SM2                88,976.33  000  200  580  131  000        
 648856    5  SM2                 1,304.34  000  L00  035  020  000        
 648857    1  SM2                 8,299.82  000  200  580  101  000        
 648857    2  SM2                 1,700.18  000  200  580  131  000        
 648858    1  SM2                    68.00  000  000  840  606  000        
 648858    2  SM2                 4,261.00  000  200  005  044  000        
 648858    3  SM2                75,934.89  000  200  580  101  000        
 648858    4  SM2               119,736.11  000  200  580  131  000        
 648858    5  SM2                50,000.00  000  200  710  115  000        
 648859    1  SM5                 8,237.78  000  Q00  540  020  000        
 648859    2  SM5                   708.22  000  Q00  540  060  000        
 648860    1  SM5                   309.00  000  Q00  005  013  000        
 648860    2  SM5                 2,993.59  000  Q00  540  020  000        
 648860    3  SM5                   673.41  000  Q00  540  060  000        
 648861    1  SM5                 8,754.79  000  Q00  540  020  000        
 648861    2  SM5                 3,173.21  000  Q00  540  060  000        
 648862    1  SM5                     1.00  000  Q00  005  013  000        
 648862    2  SM5                 5,546.46  000  Q00  540  020  000        
 648862    3  SM5                   233.54  000  Q00  540  060  000        
 648863    1  SM5                 5,842.30  000  Q00  540  020  000        
 648863    2  SM5                   121.70  000  Q00  540  060  000        
 648864    1  SM5                     1.00  000  Q00  005  013  000        
 648864    2  SM5                 4,673.83  000  Q00  540  020  000        
 648864    3  SM5                    97.17  000  Q00  540  060  000        
 648865    1  SM5                    42.70  000  Q00  035  007  000        
 648865    2  SM5                 3,115.91  000  Q00  540  020  000        
 648865    3  SM5                    23.39  000  Q00  540  060  000        
 648866    1  SM5                 2,502.79  000  Q00  540  020  000        
 648866    2  SM5                   497.21  000  Q00  540  060  000        
 648867    1  SM5                 1,932.20  000  Q00  540  020  000        
 648867    2  SM5                 2,204.80  000  Q00  540  060  000        
 648868    1  SM2                    37.00  000  000  840  606  000        
 648868    2  SM2                 1,379.00  000  200  005  044  000        
 648868    3  SM2                18,584.00  000  200  710  115  000        
 648869    1  SM2                50,000.00  000  BRN  580  101  000        